19102 4705
19103 21908
19104 51808
19106 11740
19107 14875
19111 63090
19112 13
19113 120
19114 30907
19115 33207
19116 33112
19118 9808
19119 27035
19120 68104
19121 36572
19122 21653
19123 13416
19124 66691
19125 22958
19126 15758
19127 5913
19128 35239
19129 10975
19130 24870
19131 43172
19132 36268
19133 26063
19134 60675
19135 33091
19136 40647
19137 8638
19138 32273
19139 41271
19140 54133
19141 31376
19142 29595
19143 64849
19144 43329
19145 47261
19146 35113
19147 36228
19148 49732
19149 55006
19150 23378
19151 29883
19152 33293
19153 12259
19154 34196
